1575760638353 json parking.json properties.csv population.txt logging.txt
1575760638391 properties.csv
1575760645547 population.txt
1575760645561 parking.json
1575760657401 5
1575760664213 19102
1575760692723 5
1575760696591 19103
1575760717466 5
1575760719357 19112
1575760874572 5
1575760880122 19126
1575761384106 5
1575761387476 19148
1575761544878 json parking.json properties.csv population.txt logging.txt
1575761544924 properties.csv
1575761552021 population.txt
1575761552032 parking.json
1575761554101 5
1575761556781 19154
1575761567422 5
1575761568836 19115
1575783763685 json parking.json properties.csv population.txt logging.txt
1575783763746 properties.csv
1575783773839 population.txt
1575783773853 parking.json
1575783776942 3
1575783782291 19102
1575783801221 3
1575783804354 19103
1575785110907 3
1575785113382 19112
1575785152066 3
1575785155074 19113
1575785169579 3
1575785171302 19114
